2.009999999999999787e+00
4.163333333333333108e+00
2.416666666666666519e+00
7.000000000000000666e-02
9.000000000000001055e-02
9.200000000000000400e-01
5.633333333333333526e-01
4.599999999999999645e-01
1.999999999999999833e-01
1.663333333333333330e+00
7.333333333333333370e-02
1.700000000000000122e-01
8.766666666666665941e-01
7.933333333333333348e-01
1.466666666666666952e-01
4.500000000000000111e-01
1.533333333333333215e+00
6.900000000000000577e-01
5.899999999999999689e-01
1.833333333333333481e-01
2.766666666666666718e-01
6.333333333333333037e-01
4.666666666666666879e-02
1.516666666666666607e+00
2.533333333333333548e-01
1.193333333333333357e+00
1.499999999999999944e-01
2.016666666666667052e+00
4.900000000000000466e-01
2.946666666666666767e+00
5.066666666666667096e-01
4.033333333333333215e-01
4.010000000000000675e+00
3.929999999999999716e+00
3.080000000000000071e+00
3.956666666666666998e+00
3.713333333333333375e+00
1.363333333333333286e+00
9.866666666666666918e-01
5.133333333333333082e-01
1.473333333333333384e+00
1.166666666666666546e-01
1.073333333333333472e+00
4.099999999999999756e-01
1.003333333333333188e+00
3.433333333333332682e-01
1.266666666666666774e-01
3.233333333333333059e-01
1.566666666666666485e-01
1.356666666666666687e+00
2.040000000000000036e+00
1.073333333333333250e+00
1.566666666666666485e-01
3.273333333333333428e+00
3.899999999999999578e-01
2.099999999999999922e-01
2.050000000000000266e+00
7.399999999999998801e-01
1.949999999999999956e+00
1.150000000000000133e+00
5.133333333333333082e-01
4.693333333333334245e+00
1.743333333333333401e+00
1.909999999999999920e+00
6.899999999999999467e-01
2.566666666666666541e-01
1.633333333333333304e-01
6.666666666666667095e-03
3.933333333333333681e-01
0.000000000000000000e+00
2.533333333333333548e-01
3.266666666666666607e-01
1.466666666666666397e-01
1.766666666666666663e-01
0.000000000000000000e+00
3.333333333333333547e-03
1.546666666666666634e+00
6.333333333333333870e-02
5.000000000000000971e-02
2.376666666666666483e+00
1.146666666666666723e+00
4.333333333333333481e-02
1.300000000000000044e-01
6.199999999999999956e-01
1.380000000000000115e+00
7.866666666666667362e-01
1.899999999999999745e-01
1.679999999999999938e+00
2.333333333333333440e-02
1.866666666666666752e-01
4.206666666666666998e+00
1.709999999999999964e+00
0.000000000000000000e+00
2.300000000000000100e-01
6.466666666666666119e-01
3.333333333333333287e-02
1.166666666666666546e-01
1.666666666666666574e-01
6.566666666666666208e-01
1.666666666666666644e-02
0.000000000000000000e+00
0.000000000000000000e+00
1.833333333333333481e-01
8.566666666666665764e-01
2.766666666666666718e-01
4.999999999999999584e-02
3.333333333333333547e-03
4.000000000000000083e-02
1.666666666666666644e-02
3.366666666666666696e-01
4.099999999999999756e-01
0.000000000000000000e+00
9.333333333333333759e-02
1.169999999999999929e+00
1.120000000000000107e+00
1.000000000000000021e-02
1.463333333333333597e+00
6.800000000000000488e-01
1.043333333333333224e+00
2.413333333333333552e+00
2.010000000000000231e+00
2.236666666666666803e+00
2.133333333333333470e-01
0.000000000000000000e+00
4.133333333333333304e-01
6.666666666666667095e-03
1.453333333333333366e+00
1.666666666666666644e-02
4.000000000000000083e-02
3.333333333333333287e-02
2.600000000000000089e-01
0.000000000000000000e+00
4.799999999999999822e-01
7.666666666666667462e-02
2.833333333333332704e-01
1.333333333333333419e-02
1.566666666666666485e-01
6.400000000000000133e-01
8.866666666666666030e-01
6.366666666666667140e-01
8.766666666666665941e-01
1.533333333333333492e-01
8.466666666666666785e-01
3.533333333333333326e-01
1.499999999999999944e-01
1.296666666666666634e+00
7.233333333333332726e-01
8.300000000000000711e-01
1.333333333333333419e-02
3.533333333333332771e-01
2.613333333333333730e+00
1.713333333333333597e+00
2.153333333333332877e+00
5.916666666666666963e+00
2.203333333333333588e+00
9.966666666666667007e-01
2.959999999999999520e+00
4.000000000000000083e-02
3.966666666666666674e-01
8.033333333333333437e-01
4.966666666666666452e-01
4.899999999999999911e-01
4.000000000000000083e-02
8.833333333333333037e-01
1.563333333333333464e+00
6.666666666666667095e-03
3.333333333333333547e-03
1.396666666666666723e+00
4.133333333333333304e-01
1.426666666666666750e+00
4.330000000000000071e+00
2.629999999999999893e+00
2.633333333333333637e-01
3.136666666666666714e+00
5.666666666666666519e-01
1.899999999999999745e-01
2.966666666666666341e-01
1.000000000000000000e+00
4.966666666666666452e-01
0.000000000000000000e+00
1.000000000000000021e-02
4.000000000000000083e-02
4.000000000000000083e-02
5.633333333333333526e-01
8.333333333333332871e-02
6.933333333333333570e-01
2.700000000000000178e-01
1.499999999999999944e-01
3.966666666666666674e-01
2.566666666666666541e-01
1.266666666666666774e-01
2.000000000000000042e-02
1.766666666666666663e-01
6.333333333333333037e-01
2.000000000000000042e-02
1.133333333333333415e-01
7.333333333333333370e-02
5.433333333333333348e-01
0.000000000000000000e+00
2.733333333333333726e-01
2.833333333333333259e-01
2.999999999999999889e-01
0.000000000000000000e+00
1.453333333333333366e+00
1.769999999999999796e+00
5.700000000000000622e-01
1.856666666666666687e+00
1.176666666666666750e+00
3.279999999999999805e+00
1.966666666666666841e-01
3.333333333333333287e-02
6.966666666666666563e-01
1.969999999999999973e+00
1.690000000000000169e+00
4.666666666666666879e-02
4.000000000000000083e-02
2.266666666666666829e-01
4.766666666666667385e-01
1.666666666666666644e-02
9.000000000000001055e-02
7.466666666666667007e-01
2.989999999999999769e+00
1.070000000000000062e+00
1.463333333333333597e+00
1.566666666666666763e-01
0.000000000000000000e+00
6.433333333333334236e-01
1.999999999999999833e-01
1.000000000000000021e-02
7.500000000000000000e-01
2.033333333333333381e-01
3.966666666666666674e-01
2.633333333333333637e-01
2.060000000000000053e+00
