3.703333333333333144e+00
6.833333333333332371e-01
5.856666666666666465e+00
4.533333333333333104e-01
5.926666666666666750e+00
4.133333333333333859e-01
5.146666666666667389e+00
4.133333333333333304e-01
5.589999999999999858e+00
1.083333333333333259e+00
1.986666666666666581e+00
1.116666666666666696e+00
2.626666666666666483e+00
8.599999999999999867e-01
3.270000000000000018e+00
5.233333333333333171e-01
1.956666666666666332e+00
1.666666666666666574e-01
1.949999999999999956e+00
4.066666666666666763e-01
3.260000000000000231e+00
3.866666666666667140e-01
5.096666666666666679e+00
7.533333333333332993e-01
4.539999999999999147e+00
1.733333333333333393e-01
4.709999999999999964e+00
5.466666666666666341e-01
4.066666666666667318e+00
6.366666666666666030e-01
1.639999999999999902e+00
6.699999999999999289e-01
4.453333333333333144e+00
9.766666666666665719e-01
5.893333333333333535e+00
1.303333333333333455e+00
5.113333333333333286e+00
8.699999999999999956e-01
5.010000000000000675e+00
5.733333333333333615e-01
4.543333333333333002e+00
6.400000000000000133e-01
6.389999999999999680e+00
5.633333333333333526e-01
5.549999999999999822e+00
1.396666666666666501e+00
5.923333333333332895e+00
1.010000000000000009e+00
2.723333333333333162e+00
6.866666666666666474e-01
1.083333333333333259e+00
2.266666666666666829e-01
4.056666666666667531e+00
6.966666666666667673e-01
5.786666666666666181e+00
7.599999999999998979e-01
2.250000000000000000e+00
1.000000000000000000e+00
2.893333333333333091e+00
7.500000000000000000e-01
5.190000000000000391e+00
1.410000000000000142e+00
4.030000000000000249e+00
1.100000000000000089e+00
4.059999999999999609e+00
9.566666666666665542e-01
7.350000000000000533e+00
5.266666666666667274e-01
6.556666666666665755e+00
9.666666666666667851e-01
5.043333333333333002e+00
9.966666666666667007e-01
5.120000000000000107e+00
3.800000000000000600e-01
4.453333333333333144e+00
9.633333333333333748e-01
1.436666666666666758e+00
3.133333333333333526e-01
5.966666666666666785e-01
1.666666666666666574e-01
1.253333333333333410e+00
8.300000000000000711e-01
3.423333333333333339e+00
3.000000000000000444e-01
4.660000000000000142e+00
4.633333333333333193e-01
3.796666666666666856e+00
4.933333333333333459e-01
4.156666666666666288e+00
5.466666666666667451e-01
4.589999999999999858e+00
5.600000000000000533e-01
4.070000000000000284e+00
6.699999999999999289e-01
1.276666666666666616e+00
8.000000000000001554e-01
2.106666666666666909e+00
4.633333333333333748e-01
2.903333333333333766e+00
8.199999999999999512e-01
