1.723333333333333384e+00
2.563333333333333020e+00
1.540000000000000036e+00
2.833333333333333259e-01
1.166666666666666824e-01
6.966666666666666563e-01
1.899999999999999745e-01
2.066666666666666652e-01
2.666666666666666838e-02
6.099999999999999867e-01
0.000000000000000000e+00
6.666666666666666574e-02
5.899999999999999689e-01
1.000000000000000194e-01
2.999999999999999889e-02
1.333333333333333315e-01
1.093333333333333268e+00
4.366666666666667029e-01
7.299999999999999822e-01
2.666666666666666630e-01
1.400000000000000133e-01
6.233333333333334059e-01
6.666666666666666574e-02
9.700000000000000844e-01
1.366666666666666585e-01
4.699999999999999734e-01
1.133333333333333276e-01
5.066666666666667096e-01
0.000000000000000000e+00
8.633333333333332860e-01
6.000000000000000472e-02
1.533333333333333492e-01
2.016666666666666607e+00
2.179999999999999716e+00
9.200000000000000400e-01
1.293333333333333224e+00
1.576666666666666883e+00
4.933333333333333459e-01
2.899999999999999800e-01
2.933333333333333348e-01
8.199999999999999512e-01
4.833333333333333370e-01
5.000000000000000000e-01
2.633333333333333637e-01
7.500000000000000000e-01
5.533333333333333437e-01
4.666666666666666879e-02
8.199999999999999512e-01
1.533333333333333492e-01
2.600000000000000089e-01
1.593333333333333490e+00
3.566666666666666874e-01
4.333333333333333481e-02
9.799999999999999822e-01
4.000000000000000083e-02
7.000000000000000666e-02
2.233333333333333559e-01
1.333333333333333419e-02
1.866666666666666752e-01
1.833333333333333481e-01
5.400000000000000355e-01
2.513333333333333641e+00
2.600000000000000089e-01
1.086666666666666670e+00
8.666666666666666963e-02
6.566666666666666208e-01
2.266666666666666829e-01
2.333333333333333093e-02
1.199999999999999956e-01
7.000000000000000666e-02
8.000000000000000167e-02
2.366666666666666641e-01
5.000000000000000971e-02
4.333333333333333481e-02
2.999999999999999889e-02
2.000000000000000042e-02
3.799999999999999489e-01
3.333333333333333547e-03
0.000000000000000000e+00
3.700000000000000511e-01
2.833333333333333259e-01
3.333333333333333547e-03
2.999999999999999889e-02
2.500000000000000000e-01
8.900000000000000133e-01
1.700000000000000122e-01
1.000000000000000021e-02
2.999999999999999889e-02
0.000000000000000000e+00
4.000000000000000083e-02
1.563333333333333242e+00
7.466666666666667007e-01
0.000000000000000000e+00
1.133333333333333276e-01
4.433333333333333570e-01
2.000000000000000042e-02
0.000000000000000000e+00
2.333333333333333440e-02
3.999999999999999667e-01
0.000000000000000000e+00
0.000000000000000000e+00
0.000000000000000000e+00
3.666666666666667379e-02
1.000000000000000194e-01
0.000000000000000000e+00
1.033333333333333465e-01
2.666666666666666838e-02
2.000000000000000042e-02
1.000000000000000021e-02
3.799999999999999489e-01
2.999999999999999889e-02
0.000000000000000000e+00
3.333333333333333287e-02
5.966666666666666785e-01
7.866666666666666252e-01
2.666666666666666838e-02
5.966666666666666785e-01
2.533333333333333548e-01
7.666666666666666075e-01
1.076666666666666883e+00
1.363333333333333286e+00
3.446666666666666767e+00
3.033333333333333437e-01
6.666666666666667095e-03
7.066666666666666652e-01
0.000000000000000000e+00
1.456666666666666776e+00
9.666666666666667851e-02
2.999999999999999889e-02
4.666666666666666879e-02
5.999999999999999778e-02
0.000000000000000000e+00
2.000000000000000042e-02
1.133333333333333276e-01
6.333333333333333870e-02
5.333333333333333676e-02
1.100000000000000006e-01
1.833333333333333481e-01
8.799999999999998934e-01
2.899999999999999800e-01
8.666666666666666963e-02
6.333333333333333870e-02
1.143333333333333313e+00
1.666666666666666644e-02
0.000000000000000000e+00
4.633333333333333193e-01
2.000000000000000042e-02
3.833333333333333037e-01
9.333333333333333759e-02
6.333333333333333870e-02
6.833333333333332371e-01
3.366666666666666696e-01
9.533333333333334769e-01
2.950000000000000622e+00
3.453333333333333144e+00
7.833333333333333259e-01
4.933333333333333459e-01
3.833333333333333037e-01
3.766666666666666496e-01
7.700000000000000178e-01
8.333333333333332871e-02
8.333333333333333703e-01
5.333333333333333676e-02
3.600000000000000422e-01
3.766666666666666496e-01
3.666666666666666685e-02
6.666666666666667095e-03
4.233333333333333393e-01
2.666666666666666630e-01
1.466666666666666785e+00
2.020000000000000018e+00
9.533333333333334769e-01
1.099999999999999867e-01
1.126666666666666705e+00
5.833333333333333703e-01
6.666666666666667095e-03
1.300000000000000044e-01
1.233333333333333365e-01
6.033333333333333881e-01
0.000000000000000000e+00
0.000000000000000000e+00
1.166666666666666546e-01
1.633333333333333304e-01
0.000000000000000000e+00
3.333333333333333547e-03
3.200000000000000067e-01
0.000000000000000000e+00
0.000000000000000000e+00
1.300000000000000044e-01
2.333333333333333440e-02
3.333333333333333287e-02
0.000000000000000000e+00
4.000000000000000083e-02
1.633333333333333304e-01
0.000000000000000000e+00
0.000000000000000000e+00
2.000000000000000042e-02
4.599999999999999645e-01
0.000000000000000000e+00
1.800000000000000211e-01
2.166666666666666741e-01
3.433333333333333237e-01
6.666666666666667095e-03
1.660000000000000142e+00
1.493333333333333401e+00
2.033333333333333659e-01
1.963333333333333597e+00
3.699999999999999400e-01
1.073333333333333250e+00
6.666666666666667095e-03
0.000000000000000000e+00
3.033333333333332882e-01
1.063333333333333242e+00
3.000000000000000444e-01
1.333333333333333419e-02
0.000000000000000000e+00
1.000000000000000021e-02
7.333333333333334758e-02
1.666666666666666644e-02
1.000000000000000021e-02
3.633333333333332860e-01
1.119999999999999885e+00
6.966666666666666563e-01
7.999999999999999334e-01
8.666666666666666963e-02
6.666666666666666574e-02
3.133333333333334081e-01
1.933333333333333570e-01
0.000000000000000000e+00
2.766666666666666718e-01
5.699999999999999512e-01
2.200000000000000011e-01
3.166666666666666519e-01
1.676666666666666750e+00
