8.833333333333333037e-01
2.233333333333333004e-01
4.463333333333332931e+00
1.366666666666666863e-01
5.136666666666666714e+00
1.166666666666666546e-01
5.889999999999999680e+00
3.400000000000000244e-01
4.033333333333334103e+00
4.699999999999999734e-01
2.616666666666666696e+00
2.633333333333333637e-01
3.523333333333333428e+00
3.466666666666666785e-01
3.963333333333333375e+00
2.033333333333333659e-01
4.359999999999999432e+00
8.666666666666666963e-02
3.386666666666666714e+00
1.100000000000000006e-01
4.736666666666666359e+00
2.233333333333333559e-01
4.536666666666666181e+00
3.133333333333332971e-01
4.989999999999999325e+00
1.400000000000000133e-01
3.720000000000000195e+00
1.466666666666666674e-01
2.266666666666667052e+00
9.333333333333333759e-02
2.319999999999999840e+00
8.666666666666666963e-02
3.660000000000000142e+00
2.266666666666666829e-01
3.936666666666666980e+00
3.066666666666666985e-01
4.803333333333333677e+00
1.766666666666666663e-01
4.043333333333333002e+00
1.400000000000000133e-01
2.486666666666666803e+00
2.166666666666666741e-01
3.233333333333332948e+00
1.433333333333333404e-01
5.173333333333332895e+00
3.933333333333333681e-01
4.833333333333333037e+00
2.633333333333333637e-01
2.383333333333333304e+00
1.400000000000000133e-01
6.733333333333333393e-01
1.800000000000000211e-01
4.136666666666666714e+00
2.999999999999999889e-01
6.383333333333332860e+00
2.666666666666666630e-01
3.986666666666666803e+00
7.600000000000001199e-01
3.446666666666666767e+00
4.000000000000000777e-01
4.160000000000000142e+00
1.499999999999999944e-01
2.896666666666666501e+00
8.000000000000000167e-02
2.783333333333333659e+00
1.666666666666666574e-01
4.699999999999999289e+00
9.333333333333333759e-02
5.359999999999999432e+00
3.999999999999999667e-01
4.646666666666667389e+00
3.300000000000000155e-01
4.126666666666666039e+00
1.466666666666666952e-01
2.869999999999999662e+00
2.566666666666666541e-01
1.586666666666666670e+00
2.300000000000000100e-01
2.633333333333333304e+00
1.366666666666666863e-01
3.566666666666666430e+00
1.000000000000000194e-01
4.459999999999999964e+00
3.866666666666667140e-01
5.336666666666666003e+00
5.566666666666666430e-01
4.036666666666666181e+00
2.133333333333333470e-01
3.033333333333333215e+00
1.933333333333333293e-01
5.166666666666666963e+00
1.233333333333333365e-01
5.949999999999999289e+00
1.333333333333333315e-01
4.870000000000000107e+00
4.466666666666667118e-01
3.686666666666666092e+00
2.866666666666666807e-01
2.820000000000000284e+00
4.399999999999999467e-01
