7.266666666666665719e-01
1.033333333333333465e-01
6.099999999999999867e-01
8.100000000000000533e-01
6.500000000000000222e-01
7.900000000000000355e-01
4.799999999999999822e-01
1.000000000000000021e-02
8.333333333333332871e-02
0.000000000000000000e+00
2.999999999999999889e-02
3.000000000000000236e-02
2.999999999999999889e-02
5.266666666666667274e-01
2.733333333333333726e-01
5.999999999999999778e-02
1.500000000000000222e-01
1.063333333333333464e+00
5.999999999999999778e-02
2.366666666666666641e-01
1.400000000000000133e-01
5.733333333333333615e-01
4.000000000000000083e-02
7.366666666666666918e-01
2.999999999999999889e-02
2.700000000000000178e-01
1.433333333333333348e+00
3.266666666666666607e-01
1.000000000000000021e-02
6.033333333333333881e-01
8.866666666666667140e-01
0.000000000000000000e+00
7.666666666666667462e-02
1.466666666666666952e-01
1.833333333333333481e-01
1.133333333333333276e-01
5.066666666666667096e-01
1.033333333333333326e-01
7.299999999999999822e-01
4.499999999999999556e-01
3.666666666666666685e-02
4.033333333333333215e-01
1.333333333333333419e-02
1.059999999999999831e+00
8.399999999999999689e-01
1.143333333333333313e+00
3.333333333333333148e-01
9.999999999999999167e-02
4.466666666666667118e-01
5.333333333333333676e-02
1.666666666666666644e-02
2.433333333333333182e-01
1.000000000000000194e-01
1.199999999999999956e-01
2.999999999999999889e-02
2.333333333333333093e-02
9.666666666666666741e-01
3.700000000000000511e-01
3.266666666666666607e-01
5.333333333333333676e-02
0.000000000000000000e+00
1.266666666666666774e-01
1.000000000000000021e-02
0.000000000000000000e+00
0.000000000000000000e+00
1.833333333333333481e-01
5.266666666666667274e-01
5.333333333333333676e-02
6.800000000000000488e-01
8.266666666666665497e-01
6.066666666666665764e-01
2.500000000000000000e-01
3.266666666666666607e-01
1.060000000000000275e+00
5.166666666666666075e-01
1.169999999999999929e+00
0.000000000000000000e+00
3.166666666666666519e-01
1.333333333333333419e-02
6.000000000000000472e-02
1.333333333333333419e-02
0.000000000000000000e+00
2.933333333333333903e-01
1.523333333333333428e+00
6.666666666666667095e-03
1.066666666666666735e-01
1.333333333333333419e-02
2.433333333333333182e-01
1.300000000000000044e-01
1.666666666666666644e-02
2.266666666666666552e-01
2.999999999999999889e-02
4.999999999999999584e-02
1.366666666666666863e-01
2.666666666666666838e-02
5.666666666666666380e-02
2.099999999999999922e-01
2.233333333333333559e-01
9.833333333333332815e-01
1.100000000000000006e-01
0.000000000000000000e+00
9.500000000000000666e-01
1.006666666666666599e+00
4.333333333333333481e-02
1.033333333333333326e-01
1.126666666666666705e+00
1.146666666666666723e+00
6.000000000000000472e-02
7.099999999999999645e-01
9.666666666666666463e-02
1.300000000000000044e-01
3.666666666666666685e-02
2.333333333333333093e-02
1.266666666666666774e-01
5.333333333333333676e-02
2.600000000000000089e-01
1.400000000000000133e-01
6.666666666666667095e-03
2.999999999999999889e-02
1.633333333333333304e-01
5.700000000000000622e-01
2.999999999999999889e-02
2.433333333333333182e-01
5.333333333333333259e-01
4.466666666666666008e-01
3.600000000000000422e-01
6.533333333333333215e-01
1.066666666666666735e-01
0.000000000000000000e+00
0.000000000000000000e+00
4.000000000000000083e-02
1.666666666666666644e-02
0.000000000000000000e+00
7.666666666666667462e-02
6.666666666666666574e-02
1.030000000000000027e+00
7.366666666666666918e-01
2.399999999999999911e-01
0.000000000000000000e+00
6.800000000000000488e-01
2.999999999999999889e-01
0.000000000000000000e+00
2.999999999999999889e-02
1.103333333333333277e+00
8.533333333333333881e-01
9.666666666666667851e-02
4.333333333333333481e-02
2.000000000000000042e-02
5.999999999999999778e-02
9.399999999999999467e-01
5.999999999999999778e-02
8.633333333333332860e-01
1.366666666666666863e-01
3.466666666666666785e-01
1.766666666666666663e-01
2.999999999999999889e-02
8.000000000000000167e-02
0.000000000000000000e+00
7.399999999999998801e-01
1.866666666666666752e-01
5.000000000000000971e-02
1.900000000000000300e-01
2.466666666666666730e-01
6.333333333333333870e-02
5.866666666666666696e-01
1.766666666666666607e+00
6.099999999999999867e-01
1.816666666666666652e+00
5.766666666666666607e-01
5.366666666666667362e-01
3.366666666666666696e-01
1.433333333333333404e-01
1.233333333333333365e-01
2.999999999999999889e-01
4.633333333333333748e-01
6.300000000000000044e-01
1.533333333333333215e-01
1.900000000000000300e-01
3.966666666666666674e-01
7.333333333333333370e-02
2.333333333333333440e-02
4.133333333333333859e-01
2.266666666666666829e-01
1.133333333333333276e-01
1.066666666666666735e-01
1.533333333333333215e-01
2.233333333333333559e-01
7.999999999999999334e-01
2.999999999999999889e-02
1.033333333333333326e-01
3.999999999999999667e-01
1.013333333333333419e+00
1.233333333333333365e-01
8.000000000000000167e-02
2.933333333333333348e-01
4.599999999999999645e-01
1.346666666666666679e+00
3.333333333333333547e-03
2.666666666666666838e-02
1.253333333333333188e+00
3.000000000000000236e-02
2.333333333333333440e-02
3.333333333333333547e-03
1.700000000000000122e-01
8.000000000000000167e-02
2.300000000000000100e-01
5.799999999999999600e-01
3.600000000000000422e-01
4.500000000000000111e-01
4.666666666666666186e-01
0.000000000000000000e+00
1.300000000000000044e-01
9.333333333333333759e-02
3.333333333333333547e-03
6.466666666666666119e-01
1.833333333333333259e+00
8.199999999999999512e-01
1.033333333333333326e-01
3.800000000000000600e-01
7.099999999999999645e-01
9.000000000000001055e-02
0.000000000000000000e+00
2.666666666666666838e-02
1.733333333333333393e-01
4.799999999999999822e-01
1.300000000000000044e-01
4.000000000000000083e-02
0.000000000000000000e+00
4.766666666666666274e-01
3.133333333333333526e-01
9.733333333333332726e-01
1.166666666666666741e+00
0.000000000000000000e+00
0.000000000000000000e+00
1.106666666666666687e+00
1.153333333333333321e+00
0.000000000000000000e+00
1.333333333333333419e-02
4.066666666666666763e-01
5.666666666666667074e-02
1.199999999999999956e-01
1.323333333333333472e+00
1.966666666666666841e-01
3.700000000000000511e-01
8.666666666666666963e-02
4.000000000000000083e-02
3.433333333333333237e-01
1.003333333333333188e+00
1.449999999999999956e+00
4.000000000000000083e-02
2.333333333333333440e-02
7.666666666666667462e-02
1.199999999999999956e-01
4.333333333333333481e-01
1.466666666666666952e-01
1.106666666666666687e+00
5.000000000000000000e-01
1.199999999999999956e+00
1.233333333333333365e-01
5.999999999999999778e-02
1.100000000000000006e-01
7.600000000000001199e-01
3.066666666666666430e-01
2.333333333333333440e-02
1.296666666666666634e+00
2.333333333333333440e-02
2.666666666666666630e-01
1.403333333333333321e+00
2.333333333333333440e-02
3.333333333333333287e-02
4.999999999999999584e-02
8.333333333333332871e-02
1.306666666666666643e+00
1.376666666666666705e+00
1.866666666666666752e-01
1.183333333333333348e+00
3.500000000000000333e-01
1.800000000000000211e-01
4.233333333333333393e-01
4.666666666666666879e-02
2.000000000000000042e-02
1.000000000000000021e-02
0.000000000000000000e+00
1.899999999999999745e-01
2.000000000000000042e-02
5.966666666666666785e-01
1.333333333333333315e-01
4.199999999999999845e-01
3.166666666666666519e-01
1.006666666666666599e+00
2.000000000000000042e-02
5.000000000000000971e-02
1.733333333333333393e-01
7.333333333333334758e-02
2.333333333333333440e-02
2.999999999999999889e-02
7.000000000000000666e-02
2.333333333333333093e-01
3.300000000000000155e-01
1.233333333333333365e-01
1.933333333333333570e-01
1.496666666666666812e+00
1.093333333333333490e+00
3.333333333333333547e-03
4.733333333333333282e-01
6.666666666666667095e-03
2.333333333333333093e-01
1.016666666666666607e+00
1.419999999999999929e+00
2.766666666666666718e-01
9.666666666666666463e-02
2.119999999999999662e+00
1.309999999999999831e+00
1.800000000000000211e-01
2.933333333333333903e-01
2.466666666666666730e-01
2.000000000000000042e-02
9.666666666666667851e-02
4.000000000000000777e-01
4.400000000000000022e-01
1.036666666666666625e+00
0.000000000000000000e+00
0.000000000000000000e+00
0.000000000000000000e+00
0.000000000000000000e+00
1.333333333333333419e-02
2.999999999999999889e-02
2.206666666666666554e+00
4.533333333333333104e-01
9.000000000000001055e-02
1.296666666666666634e+00
3.599999999999999312e-01
3.666666666666667379e-02
1.633333333333333304e-01
2.266666666666666552e-01
4.000000000000000083e-02
1.333333333333333419e-02
7.333333333333334758e-02
4.999999999999999584e-02
2.999999999999999889e-02
1.666666666666666574e-01
2.666666666666666838e-02
2.999999999999999889e-02
6.333333333333333870e-02
1.866666666666666752e-01
1.600000000000000033e-01
1.000000000000000021e-02
7.500000000000000000e-01
1.166666666666666546e-01
4.333333333333333481e-02
3.633333333333332860e-01
0.000000000000000000e+00
3.333333333333333547e-03
2.433333333333333182e-01
5.999999999999999778e-02
1.433333333333333404e-01
3.733333333333332948e-01
6.666666666666667095e-03
7.700000000000000178e-01
1.216666666666666563e+00
4.700000000000000289e-01
4.066666666666666763e-01
3.933333333333333681e-01
6.400000000000000133e-01
8.866666666666667140e-01
1.433333333333333348e+00
2.546666666666666412e+00
1.900000000000000300e-01
2.233333333333333559e-01
1.666666666666666644e-02
3.700000000000000511e-01
3.966666666666666674e-01
1.666666666666666644e-02
5.633333333333333526e-01
1.100000000000000006e-01
9.999999999999999167e-02
1.700000000000000122e-01
1.366666666666666863e-01
2.033333333333333381e-01
1.056666666666666643e+00
1.683333333333333348e+00
6.899999999999999467e-01
6.533333333333334325e-01
5.999999999999999778e-02
1.000000000000000021e-02
3.333333333333333547e-03
5.600000000000000533e-01
6.666666666666667095e-03
4.000000000000000777e-01
4.000000000000000083e-02
5.000000000000000971e-02
1.510000000000000009e+00
4.500000000000000111e-01
3.466666666666666785e-01
4.000000000000000083e-02
1.666666666666666644e-02
1.266666666666666774e-01
0.000000000000000000e+00
0.000000000000000000e+00
1.333333333333333419e-02
2.833333333333333814e-01
2.999999999999999889e-01
5.000000000000000971e-02
1.079999999999999849e+00
9.633333333333333748e-01
9.766666666666666829e-01
2.700000000000000178e-01
4.900000000000000466e-01
1.866666666666666474e+00
5.200000000000000178e-01
1.986666666666667025e+00
2.999999999999999889e-02
8.033333333333333437e-01
0.000000000000000000e+00
2.566666666666666541e-01
9.333333333333333759e-02
3.666666666666666685e-02
1.166666666666666546e-01
6.300000000000000044e-01
1.000000000000000021e-02
1.300000000000000044e-01
9.666666666666667851e-02
9.000000000000001055e-02
4.333333333333333481e-02
6.666666666666667095e-03
1.733333333333333393e-01
6.666666666666666574e-02
0.000000000000000000e+00
5.333333333333333676e-02
2.333333333333333440e-02
1.700000000000000122e-01
1.400000000000000133e-01
2.866666666666666807e-01
7.700000000000000178e-01
1.133333333333333276e-01
6.666666666666667095e-03
7.666666666666666075e-01
2.433333333333333182e-01
2.333333333333333093e-02
2.999999999999999889e-02
3.233333333333333059e-01
1.293333333333333224e+00
7.333333333333333370e-02
2.533333333333333548e-01
1.333333333333333419e-02
9.333333333333333759e-02
6.666666666666667095e-03
1.666666666666666644e-02
1.266666666666666774e-01
1.133333333333333276e-01
6.066666666666665764e-01
2.133333333333333470e-01
1.666666666666666644e-02
8.666666666666666963e-02
5.333333333333333676e-02
8.733333333333334059e-01
1.433333333333333404e-01
2.500000000000000000e-01
1.999999999999999833e-01
3.000000000000000444e-01
1.966666666666666563e-01
7.366666666666666918e-01
2.666666666666666838e-02
2.333333333333333440e-02
1.466666666666666952e-01
1.300000000000000044e-01
1.000000000000000194e-01
0.000000000000000000e+00
1.499999999999999944e-01
1.000000000000000194e-01
7.433333333333332904e-01
1.150000000000000133e+00
1.600000000000000033e-01
0.000000000000000000e+00
2.899999999999999800e-01
1.600000000000000033e-01
2.999999999999999889e-02
3.333333333333333287e-02
4.366666666666667029e-01
7.733333333333334281e-01
8.666666666666666963e-02
5.333333333333333676e-02
0.000000000000000000e+00
1.133333333333333415e-01
7.533333333333332993e-01
1.333333333333333419e-02
1.020000000000000018e+00
1.633333333333333304e-01
4.133333333333333304e-01
2.133333333333333470e-01
0.000000000000000000e+00
4.000000000000000083e-02
5.000000000000000971e-02
4.900000000000000466e-01
9.666666666666667851e-02
2.333333333333333440e-02
1.366666666666666863e-01
9.333333333333332371e-02
3.666666666666666685e-02
6.633333333333333304e-01
1.059999999999999831e+00
3.400000000000000244e-01
7.466666666666667007e-01
5.766666666666666607e-01
2.600000000000000089e-01
6.133333333333332860e-01
3.333333333333333287e-02
0.000000000000000000e+00
4.299999999999999933e-01
4.766666666666667385e-01
5.399999999999999245e-01
4.666666666666666879e-02
2.200000000000000011e-01
2.666666666666666838e-02
3.333333333333333547e-03
1.100000000000000006e-01
4.999999999999999584e-02
3.866666666666667140e-01
3.333333333333333287e-02
0.000000000000000000e+00
2.000000000000000042e-02
1.933333333333333570e-01
1.299999999999999822e+00
3.333333333333333547e-03
8.333333333333332871e-02
8.633333333333332860e-01
7.933333333333333348e-01
2.200000000000000011e-01
2.333333333333333440e-02
1.666666666666666644e-02
3.066666666666666430e-01
1.199999999999999956e+00
9.000000000000001055e-02
4.999999999999999584e-02
8.833333333333333037e-01
9.000000000000001055e-02
2.333333333333333093e-01
1.000000000000000021e-02
1.700000000000000122e-01
1.499999999999999944e-01
1.476666666666666572e+00
4.366666666666667029e-01
4.666666666666666879e-02
1.300000000000000044e-01
1.666666666666666574e-01
1.666666666666666644e-02
2.633333333333333637e-01
6.333333333333333870e-02
0.000000000000000000e+00
1.376666666666666705e+00
1.063333333333333464e+00
4.866666666666666363e-01
2.033333333333333381e-01
2.066666666666666652e-01
2.433333333333333182e-01
0.000000000000000000e+00
1.000000000000000021e-02
0.000000000000000000e+00
2.333333333333333440e-02
6.999999999999999278e-02
2.333333333333333440e-02
8.000000000000000167e-02
0.000000000000000000e+00
1.733333333333333393e+00
1.600000000000000033e-01
1.116666666666666696e+00
1.153333333333333321e+00
6.666666666666667095e-03
0.000000000000000000e+00
1.283333333333333215e+00
9.033333333333333215e-01
0.000000000000000000e+00
1.666666666666666644e-02
4.400000000000000022e-01
6.333333333333333870e-02
2.833333333333333259e-01
1.176666666666666528e+00
1.666666666666666644e-02
1.633333333333333304e-01
9.000000000000001055e-02
2.333333333333333440e-02
2.233333333333333004e-01
1.899999999999999745e-01
1.270000000000000240e+00
0.000000000000000000e+00
8.333333333333332871e-02
2.666666666666666838e-02
1.866666666666666752e-01
5.633333333333333526e-01
8.000000000000000167e-02
6.733333333333333393e-01
1.933333333333333293e-01
9.300000000000000488e-01
3.333333333333333287e-02
7.333333333333333370e-02
2.166666666666666741e-01
2.500000000000000000e-01
2.333333333333333648e-01
8.000000000000000167e-02
4.566666666666667207e-01
1.000000000000000021e-02
7.266666666666665719e-01
9.900000000000001021e-01
1.133333333333333276e-01
3.233333333333333059e-01
6.500000000000000222e-01
7.333333333333333925e-01
2.029999999999999805e+00
1.216666666666666785e+00
3.666666666666666963e-01
1.969999999999999973e+00
1.860000000000000098e+00
8.000000000000000167e-02
1.070000000000000062e+00
2.166666666666666741e-01
8.000000000000000167e-02
3.000000000000000236e-02
1.333333333333333419e-02
1.333333333333333419e-02
1.000000000000000021e-02
1.066666666666666735e-01
4.000000000000000083e-02
2.566666666666666541e-01
1.300000000000000044e-01
3.566666666666666319e-01
2.000000000000000042e-02
4.000000000000000083e-02
5.333333333333333676e-02
2.000000000000000042e-02
6.666666666666666574e-02
0.000000000000000000e+00
1.333333333333333419e-02
1.900000000000000300e-01
7.333333333333333370e-02
0.000000000000000000e+00
1.633333333333333581e-01
7.500000000000000000e-01
1.119999999999999885e+00
2.000000000000000042e-02
7.300000000000000933e-01
1.000000000000000021e-02
3.400000000000000244e-01
1.403333333333333321e+00
1.219999999999999973e+00
6.800000000000000488e-01
5.666666666666666380e-02
2.410000000000000142e+00
7.200000000000000844e-01
0.000000000000000000e+00
1.000000000000000021e-02
4.666666666666666879e-02
1.766666666666666663e-01
1.400000000000000133e-01
1.700000000000000122e-01
3.133333333333334081e-01
2.666666666666666630e-01
1.000000000000000021e-02
4.333333333333333481e-02
4.000000000000000083e-02
1.333333333333333419e-02
1.666666666666666644e-02
3.333333333333333547e-03
1.969999999999999973e+00
7.700000000000000178e-01
3.999999999999999667e-01
2.070000000000000284e+00
4.166666666666666852e-01
0.000000000000000000e+00
1.533333333333333492e-01
3.266666666666666607e-01
6.666666666666667095e-03
2.000000000000000042e-02
4.333333333333333481e-02
8.000000000000000167e-02
0.000000000000000000e+00
3.400000000000000244e-01
5.999999999999999778e-02
1.000000000000000021e-02
1.433333333333333404e-01
1.666666666666666644e-02
3.266666666666667163e-01
1.333333333333333419e-02
7.700000000000000178e-01
1.099999999999999867e-01
6.666666666666667095e-03
5.966666666666666785e-01
5.999999999999999778e-02
3.333333333333333547e-03
1.266666666666666774e-01
7.000000000000000666e-02
1.200000000000000094e-01
2.366666666666666641e-01
7.333333333333334758e-02
1.070000000000000062e+00
9.066666666666666208e-01
2.433333333333333737e-01
1.600000000000000033e-01
2.266666666666666552e-01
4.866666666666666363e-01
4.366666666666667029e-01
1.080000000000000071e+00
