2.883333333333333304e+00
1.776666666666666616e+00
7.636666666666666714e+00
7.266666666666665719e-01
5.916666666666666963e+00
3.200000000000000067e-01
4.716666666666666785e+00
4.666666666666666186e-01
3.839999999999999858e+00
7.833333333333333259e-01
4.129999999999999893e+00
6.166666666666665853e-01
5.120000000000000107e+00
3.899999999999999578e-01
8.256666666666665932e+00
1.733333333333333393e-01
7.076666666666667105e+00
2.200000000000000011e-01
3.913333333333333997e+00
1.566666666666666763e-01
1.863333333333333286e+00
1.366666666666666863e-01
6.273333333333333428e+00
1.066666666666666735e-01
4.169999999999999929e+00
8.900000000000000133e-01
4.950000000000000178e+00
6.300000000000000044e-01
4.540000000000000036e+00
2.743333333333333623e+00
6.113333333333333286e+00
3.020000000000000018e+00
9.020000000000001350e+00
1.630000000000000115e+00
1.286666666666666847e+00
7.300000000000000933e-01
1.239999999999999991e+00
4.899999999999999911e-01
3.149999999999999911e+00
2.396666666666666501e+00
1.286666666666666847e+00
4.299999999999999933e-01
2.363333333333333286e+00
2.979999999999999982e+00
3.046666666666666856e+00
1.026666666666666616e+00
4.083333333333333037e+00
3.699999999999999400e-01
3.543333333333333002e+00
1.300000000000000044e+00
4.520000000000000462e+00
1.203333333333333366e+00
3.119999999999999662e+00
2.899999999999999800e-01
2.666666666666666630e-01
1.666666666666666644e-02
4.173333333333332895e+00
3.233333333333333059e-01
8.896666666666666501e+00
4.833333333333333370e-01
6.146666666666667389e+00
2.900000000000000355e-01
3.020000000000000018e+00
2.366666666666666641e-01
3.806666666666666643e+00
4.766666666666667385e-01
6.676666666666666750e+00
2.133333333333333470e-01
4.576666666666667105e+00
1.400000000000000133e-01
5.153333333333333321e+00
2.633333333333333637e-01
4.366666666666666252e+00
2.366666666666666641e-01
4.316666666666666430e+00
4.000000000000000083e-02
4.620000000000000107e+00
4.199999999999999289e-01
5.693333333333332469e+00
3.266666666666666607e-01
6.496666666666666146e+00
2.700000000000000178e-01
3.689999999999999947e+00
5.200000000000000178e-01
9.386666666666666714e+00
1.099999999999999867e+00
7.143333333333333535e+00
3.200000000000000067e-01
7.733333333333333393e+00
3.329999999999999627e+00
6.503333333333333854e+00
1.233333333333333365e-01
6.399999999999999467e+00
2.333333333333333648e-01
8.403333333333334210e+00
9.633333333333333748e-01
1.039666666666666650e+01
8.199999999999999512e-01
1.232666666666666799e+01
6.099999999999999867e-01
8.589999999999999858e+00
3.333333333333333148e-01
5.649999999999999467e+00
1.900000000000000300e-01
6.239999999999999325e+00
3.133333333333333526e-01
6.356666666666666465e+00
1.466666666666666674e-01
5.760000000000000675e+00
1.333333333333333315e-01
4.976666666666666572e+00
2.533333333333333548e-01
4.063333333333333464e+00
3.033333333333332882e-01
4.739999999999999325e+00
3.133333333333332971e-01
4.200000000000000178e+00
1.066666666666666735e-01
3.186666666666666092e+00
3.200000000000000067e-01
6.513333333333332753e+00
1.286666666666666403e+00
3.906666666666666732e+00
1.226666666666666794e+00
5.290000000000000036e+00
6.800000000000000488e-01
8.580000000000000071e+00
3.933333333333333126e-01
7.519999999999999574e+00
3.400000000000000244e-01
7.666666666666666963e+00
3.333333333333333148e-01
6.416666666666666963e+00
1.536666666666666847e+00
5.890000000000000568e+00
5.499999999999999334e-01
7.353333333333334387e+00
1.100000000000000089e+00
5.773333333333333428e+00
5.433333333333333348e-01
2.533333333333333215e+00
1.243333333333333179e+00
5.436666666666666536e+00
2.546666666666666412e+00
6.870000000000000107e+00
2.916666666666666519e+00
5.753333333333333854e+00
1.179999999999999938e+00
4.243333333333333179e+00
1.806666666666666643e+00
3.479999999999999982e+00
9.766666666666666829e-01
5.143333333333333535e+00
4.866666666666666363e-01
4.793333333333333002e+00
2.533333333333333548e-01
4.680000000000000604e+00
1.700000000000000122e-01
7.146666666666665613e+00
3.266666666666666607e-01
3.816666666666666430e+00
2.433333333333333182e-01
2.466666666666666785e+00
1.500000000000000222e-01
6.780000000000000249e+00
1.233333333333333365e-01
4.803333333333333677e+00
9.433333333333333570e-01
3.600000000000000089e+00
1.300000000000000044e-01
6.299999999999999822e+00
1.286666666666666847e+00
7.663333333333333108e+00
2.310000000000000053e+00
5.636666666666666714e+00
9.966666666666667007e-01
1.276666666666666616e+00
2.133333333333333470e-01
6.333333333333333037e-01
9.333333333333333759e-02
1.446666666666666545e+00
1.733333333333333393e-01
1.580000000000000071e+00
6.133333333333332860e-01
1.459999999999999964e+00
1.423333333333333117e+00
2.529999999999999805e+00
6.300000000000000044e-01
4.846666666666666679e+00
6.166666666666666963e-01
4.283333333333334103e+00
6.166666666666666963e-01
3.696666666666666767e+00
2.330000000000000071e+00
1.379999999999999893e+00
7.866666666666666252e-01
1.163333333333333330e+00
1.000000000000000021e-02
3.220000000000000195e+00
2.600000000000000089e-01
7.343333333333333712e+00
7.633333333333333082e-01
3.776666666666665950e+00
5.333333333333333259e-01
3.716666666666666785e+00
7.500000000000000000e-01
8.613333333333333286e+00
1.393333333333333313e+00
7.236666666666667247e+00
9.599999999999999645e-01
7.153333333333333321e+00
1.753333333333333188e+00
6.073333333333333250e+00
4.966666666666666452e-01
5.969999999999999751e+00
5.566666666666666430e-01
4.526666666666666394e+00
4.000000000000000777e-01
4.883333333333333748e+00
1.600000000000000033e-01
4.146666666666667389e+00
1.123333333333333295e+00
6.176666666666665861e+00
2.760000000000000231e+00
7.093333333333333712e+00
7.099999999999999645e-01
2.970000000000000195e+00
2.566666666666666541e-01
5.016666666666666607e+00
5.333333333333333259e-01
6.336666666666666892e+00
3.433333333333332682e-01
7.033333333333334103e+00
2.833333333333333814e-01
5.836666666666666003e+00
4.899999999999999911e-01
7.053333333333333677e+00
5.533333333333333437e-01
4.726666666666667460e+00
5.800000000000000711e-01
3.189999999999999947e+00
1.440000000000000169e+00
4.683333333333332682e+00
2.033333333333333215e+00
4.663333333333333108e+00
1.150000000000000133e+00
