2.773333333333333428e+00
6.166666666666666963e-01
5.999999999999999778e-01
2.229999999999999982e+00
1.626666666666666705e+00
4.516666666666666607e+00
6.833333333333332371e-01
7.000000000000000666e-01
6.933333333333333570e-01
5.333333333333333676e-02
0.000000000000000000e+00
3.666666666666666685e-02
0.000000000000000000e+00
9.333333333333332371e-01
3.733333333333333504e-01
5.899999999999999689e-01
3.666666666666666963e-01
2.116666666666666696e+00
3.966666666666666674e-01
4.166666666666666852e-01
3.099999999999999978e-01
9.000000000000000222e-01
4.233333333333333393e-01
8.199999999999999512e-01
5.899999999999999689e-01
9.333333333333334592e-01
2.020000000000000018e+00
8.099999999999999423e-01
2.933333333333333903e-01
1.473333333333333384e+00
7.933333333333333348e-01
2.999999999999999889e-02
3.666666666666667379e-02
1.733333333333333393e-01
4.299999999999999933e-01
7.400000000000001021e-01
1.339999999999999858e+00
2.800000000000000266e-01
3.833333333333333592e-01
4.666666666666666186e-01
1.700000000000000122e-01
7.600000000000001199e-01
9.999999999999999167e-02
1.556666666666666643e+00
1.676666666666666750e+00
1.809999999999999831e+00
4.000000000000000777e-01
1.366666666666666863e-01
9.199999999999999289e-01
2.533333333333333548e-01
1.666666666666666644e-02
3.366666666666666696e-01
4.000000000000000083e-02
5.699999999999999512e-01
7.000000000000000666e-02
2.166666666666666741e-01
2.056666666666666643e+00
1.580000000000000071e+00
4.199999999999999845e-01
4.666666666666666879e-02
4.000000000000000083e-02
2.733333333333333726e-01
2.999999999999999889e-02
0.000000000000000000e+00
4.666666666666666879e-02
5.833333333333333703e-01
9.433333333333333570e-01
3.566666666666666874e-01
1.650000000000000133e+00
2.443333333333333357e+00
7.900000000000000355e-01
2.533333333333333548e-01
2.333333333333333648e-01
6.566666666666666208e-01
5.099999999999998979e-01
1.316666666666666652e+00
1.499999999999999944e-01
7.333333333333333925e-01
6.666666666666666574e-02
2.166666666666666463e-01
5.633333333333333526e-01
1.100000000000000006e-01
9.866666666666666918e-01
1.816666666666666652e+00
2.000000000000000042e-02
4.366666666666667029e-01
0.000000000000000000e+00
8.466666666666666785e-01
2.099999999999999922e-01
1.966666666666666841e-01
2.433333333333333182e-01
3.966666666666666674e-01
2.399999999999999911e-01
5.799999999999999600e-01
2.833333333333333814e-01
1.153333333333333321e+00
3.166666666666666519e-01
1.056666666666666643e+00
3.609999999999999876e+00
3.899999999999999578e-01
2.266666666666666552e-01
1.393333333333333313e+00
9.366666666666665364e-01
1.433333333333333404e-01
1.033333333333333326e-01
2.669999999999999929e+00
1.533333333333333215e+00
5.666666666666667074e-02
7.066666666666666652e-01
3.000000000000000444e-01
9.666666666666667851e-01
4.966666666666666452e-01
3.099999999999999978e-01
3.233333333333333059e-01
4.633333333333333748e-01
9.666666666666666741e-01
4.066666666666666763e-01
1.099999999999999867e-01
8.033333333333333437e-01
1.433333333333333404e-01
1.656666666666666510e+00
1.103333333333333277e+00
7.566666666666667096e-01
6.666666666666666297e-01
1.679999999999999938e+00
1.549999999999999822e+00
1.083333333333333259e+00
2.266666666666666552e-01
4.000000000000000083e-02
7.733333333333333171e-01
3.166666666666666519e-01
1.166666666666666546e-01
1.000000000000000021e-02
5.433333333333333348e-01
4.299999999999999933e-01
1.580000000000000071e+00
9.899999999999998801e-01
6.199999999999999956e-01
0.000000000000000000e+00
1.173333333333333561e+00
6.633333333333332194e-01
0.000000000000000000e+00
7.666666666666667462e-02
1.346666666666666679e+00
8.500000000000000888e-01
3.333333333333333547e-03
2.799999999999999711e-01
3.666666666666667379e-02
8.333333333333332871e-02
1.036666666666666625e+00
2.333333333333333093e-01
2.229999999999999982e+00
3.566666666666666319e-01
1.080000000000000071e+00
1.800000000000000211e-01
1.499999999999999944e-01
2.833333333333333259e-01
4.000000000000000083e-02
2.213333333333333375e+00
5.366666666666667362e-01
3.200000000000000067e-01
1.030000000000000027e+00
5.499999999999999334e-01
5.799999999999999600e-01
1.713333333333333597e+00
3.709999999999999520e+00
1.356666666666666687e+00
3.856666666666666909e+00
4.456666666666666998e+00
1.280000000000000027e+00
7.333333333333333925e-01
1.233333333333333504e-01
1.233333333333333365e-01
5.966666666666666785e-01
1.126666666666666705e+00
7.266666666666666829e-01
2.500000000000000000e-01
7.066666666666666652e-01
5.633333333333333526e-01
0.000000000000000000e+00
1.499999999999999944e-01
8.000000000000000167e-02
1.136666666666666714e+00
6.099999999999999867e-01
0.000000000000000000e+00
2.933333333333333348e-01
3.366666666666666696e-01
9.500000000000000666e-01
1.000000000000000021e-02
0.000000000000000000e+00
8.366666666666665586e-01
1.343333333333333490e+00
9.699999999999998623e-01
2.033333333333333381e-01
8.333333333333332871e-02
1.106666666666666687e+00
1.959999999999999742e+00
1.633333333333333304e-01
1.333333333333333419e-02
1.836666666666666670e+00
5.833333333333333703e-01
1.400000000000000133e-01
2.266666666666666552e-01
1.076666666666666661e+00
2.299999999999999822e-01
1.456666666666666776e+00
1.770000000000000240e+00
6.533333333333334325e-01
1.119999999999999885e+00
6.099999999999999867e-01
2.766666666666666718e-01
7.766666666666667274e-01
2.733333333333333171e-01
1.200000000000000094e-01
7.200000000000000844e-01
6.466666666666666119e-01
4.799999999999999822e-01
2.333333333333333093e-01
1.143333333333333313e+00
7.099999999999999645e-01
6.500000000000000222e-01
1.333333333333333419e-02
5.999999999999999778e-02
1.400000000000000133e-01
5.599999999999999423e-01
4.000000000000000083e-02
4.666666666666666879e-02
1.000000000000000021e-02
2.553333333333333233e+00
9.033333333333333215e-01
3.513333333333333197e+00
1.756666666666666821e+00
2.000000000000000042e-02
0.000000000000000000e+00
1.786666666666666847e+00
8.733333333333334059e-01
0.000000000000000000e+00
1.766666666666666663e-01
5.833333333333333703e-01
9.333333333333333759e-02
8.066666666666666430e-01
4.190000000000000391e+00
2.133333333333333470e-01
1.266666666666666774e-01
3.000000000000000236e-02
4.000000000000000083e-02
2.766666666666666718e-01
5.799999999999999600e-01
1.986666666666666581e+00
8.000000000000000167e-02
5.966666666666666785e-01
2.333333333333333440e-02
4.666666666666666186e-01
1.356666666666666687e+00
2.299999999999999822e-01
1.833333333333333259e+00
2.479999999999999982e+00
3.286666666666666625e+00
5.233333333333333171e-01
1.396666666666666723e+00
4.666666666666666186e-01
1.083333333333333259e+00
1.593333333333333490e+00
4.166666666666666852e-01
6.133333333333332860e-01
5.666666666666666380e-02
1.223333333333333384e+00
1.496666666666666812e+00
3.233333333333333059e-01
5.633333333333333526e-01
2.266666666666666829e-01
2.966666666666666896e-01
1.469999999999999973e+00
1.100000000000000006e-01
1.600000000000000033e-01
1.239999999999999991e+00
5.166666666666666075e-01
8.300000000000000711e-01
1.616666666666666474e+00
1.499999999999999944e-01
2.299999999999999822e-01
2.000000000000000042e-02
4.666666666666666879e-02
8.666666666666666963e-01
2.300000000000000100e-01
3.133333333333332971e-01
7.200000000000000844e-01
7.333333333333333925e-01
1.166666666666666741e+00
1.806666666666666643e+00
1.000000000000000194e-01
1.199999999999999956e-01
1.900000000000000300e-01
2.666666666666666630e-01
1.199999999999999956e-01
1.499999999999999944e-01
9.999999999999999167e-02
1.120000000000000107e+00
1.033333333333333326e-01
0.000000000000000000e+00
7.900000000000000355e-01
1.886666666666666714e+00
2.006666666666666377e+00
5.999999999999999778e-02
5.766666666666666607e-01
1.266666666666666774e-01
7.600000000000001199e-01
2.489999999999999769e+00
1.573333333333333472e+00
2.166666666666666741e-01
1.466666666666666952e-01
2.010000000000000231e+00
1.303333333333333455e+00
1.733333333333333393e-01
2.299999999999999822e-01
6.699999999999999289e-01
1.133333333333333276e-01
3.600000000000000422e-01
5.533333333333333437e-01
1.033333333333333326e-01
7.266666666666665719e-01
4.666666666666666879e-02
3.100000000000000533e-01
1.333333333333333315e-01
4.000000000000000083e-02
5.666666666666666380e-02
0.000000000000000000e+00
1.709999999999999964e+00
3.866666666666667140e-01
3.866666666666667140e-01
2.923333333333333339e+00
2.366666666666666641e-01
6.666666666666667095e-03
7.333333333333333370e-02
7.333333333333333925e-01
2.333333333333333440e-02
3.333333333333333287e-02
2.300000000000000100e-01
1.633333333333333304e-01
7.666666666666667462e-02
4.766666666666666274e-01
1.366666666666666863e-01
1.333333333333333315e-01
5.266666666666667274e-01
2.833333333333333814e-01
2.196666666666666767e+00
6.266666666666665941e-01
1.849999999999999867e+00
3.300000000000000155e-01
5.400000000000000355e-01
9.933333333333331794e-01
1.199999999999999956e-01
2.333333333333333440e-02
6.633333333333334414e-01
5.700000000000000622e-01
8.199999999999999512e-01
2.800000000000000266e-01
1.700000000000000122e-01
6.700000000000000400e-01
9.000000000000000222e-01
5.166666666666667185e-01
5.366666666666666252e-01
3.666666666666667379e-02
3.500000000000000333e-01
1.426666666666666750e+00
1.050000000000000044e+00
1.906666666666666510e+00
2.816666666666666874e+00
1.169999999999999929e+00
5.233333333333333171e-01
3.293333333333333446e+00
1.723333333333333384e+00
4.790000000000000036e+00
1.176666666666666750e+00
6.533333333333333215e-01
8.333333333333333703e-01
2.333333333333333093e-01
4.000000000000000083e-02
9.999999999999999167e-02
0.000000000000000000e+00
1.169999999999999929e+00
1.466666666666666397e-01
3.033333333333333437e-01
8.666666666666666963e-02
1.426666666666666750e+00
3.633333333333333415e-01
3.033333333333332882e-01
4.199999999999999845e-01
7.466666666666667007e-01
6.800000000000000488e-01
9.266666666666666385e-01
4.000000000000000083e-02
3.800000000000000600e-01
1.246666666666666812e+00
1.139999999999999902e+00
4.000000000000000083e-02
1.006666666666666599e+00
5.699999999999999512e-01
1.066666666666666735e-01
2.333333333333333440e-02
3.233333333333333059e-01
4.666666666666666879e-02
5.866666666666666696e-01
1.383333333333333526e+00
1.266666666666666774e-01
7.533333333333332993e-01
4.166666666666666852e-01
1.899999999999999745e-01
5.733333333333332504e-01
1.033333333333333326e-01
6.133333333333332860e-01
2.670000000000000373e+00
1.566666666666666652e+00
5.200000000000000178e-01
1.199999999999999956e-01
7.066666666666666652e-01
3.899999999999999578e-01
2.333333333333333440e-02
7.900000000000000355e-01
0.000000000000000000e+00
8.633333333333332860e-01
6.666666666666666574e-02
1.666666666666666574e-01
2.066666666666666430e+00
1.183333333333333348e+00
4.333333333333332926e-01
4.000000000000000083e-02
1.233333333333333365e-01
2.666666666666666630e-01
7.333333333333333370e-02
0.000000000000000000e+00
8.666666666666666963e-02
3.099999999999999978e-01
3.666666666666666963e-01
1.833333333333333204e-01
1.393333333333333313e+00
2.006666666666666821e+00
2.566666666666666541e-01
3.633333333333333415e-01
4.033333333333333215e-01
5.499999999999999334e-01
1.766666666666666663e-01
1.033333333333333215e+00
1.033333333333333326e-01
6.366666666666667140e-01
1.666666666666666644e-02
2.399999999999999911e-01
8.366666666666667806e-01
3.666666666666666963e-01
1.033333333333333437e+00
1.750000000000000000e+00
3.333333333333333287e-02
2.766666666666666718e-01
4.000000000000000083e-02
1.133333333333333304e+00
1.499999999999999944e-01
3.000000000000000236e-02
2.500000000000000000e-01
2.466666666666666730e-01
2.000000000000000389e-01
7.833333333333332149e-01
4.099999999999999756e-01
7.700000000000000178e-01
7.700000000000000178e-01
7.933333333333333348e-01
2.750000000000000000e+00
3.666666666666666963e-01
4.000000000000000083e-02
1.286666666666666625e+00
5.633333333333333526e-01
4.133333333333333304e-01
2.900000000000000355e-01
1.500000000000000000e+00
1.490000000000000213e+00
6.666666666666666574e-02
8.366666666666665586e-01
3.400000000000000244e-01
7.299999999999999822e-01
1.700000000000000122e-01
2.600000000000000089e-01
1.100000000000000006e-01
2.199999999999999734e-01
9.700000000000000844e-01
3.666666666666666963e-01
4.666666666666666879e-02
4.933333333333333459e-01
1.166666666666666546e-01
2.723333333333333162e+00
1.403333333333333321e+00
8.733333333333334059e-01
7.199999999999998623e-01
1.330000000000000071e+00
1.526666666666666616e+00
1.400000000000000133e+00
7.233333333333332726e-01
4.000000000000000083e-02
8.233333333333332504e-01
3.333333333333333287e-02
6.999999999999999278e-02
0.000000000000000000e+00
5.033333333333332993e-01
5.833333333333333703e-01
1.463333333333333597e+00
9.033333333333333215e-01
6.933333333333333570e-01
0.000000000000000000e+00
6.466666666666666119e-01
1.833333333333333204e-01
2.333333333333333093e-02
1.400000000000000133e-01
8.666666666666666963e-01
7.933333333333333348e-01
1.100000000000000006e-01
3.233333333333333059e-01
2.333333333333333093e-02
1.899999999999999745e-01
4.933333333333333459e-01
7.099999999999999645e-01
1.466666666666666785e+00
1.566666666666666763e-01
1.219999999999999973e+00
1.533333333333333215e-01
3.233333333333333059e-01
7.000000000000000666e-02
5.666666666666667074e-02
1.709999999999999964e+00
6.800000000000000488e-01
2.533333333333333548e-01
1.113333333333333286e+00
7.833333333333333259e-01
1.483333333333333393e+00
1.990000000000000213e+00
4.406666666666666288e+00
1.493333333333333401e+00
3.276666666666666838e+00
3.509999999999999787e+00
1.400000000000000133e+00
1.103333333333333277e+00
1.566666666666666485e-01
1.133333333333333276e-01
6.633333333333332194e-01
1.173333333333333339e+00
6.300000000000000044e-01
8.333333333333332871e-02
6.066666666666665764e-01
4.400000000000000022e-01
0.000000000000000000e+00
1.466666666666666674e-01
1.900000000000000300e-01
9.866666666666666918e-01
6.866666666666666474e-01
2.666666666666666630e-01
1.533333333333333215e-01
4.766666666666667385e-01
1.156666666666666732e+00
1.233333333333333365e-01
0.000000000000000000e+00
9.166666666666666297e-01
8.333333333333333703e-01
7.433333333333332904e-01
3.166666666666666519e-01
2.866666666666666807e-01
1.556666666666666643e+00
2.353333333333333055e+00
1.633333333333333304e-01
4.000000000000000083e-02
2.113333333333333286e+00
6.933333333333333570e-01
2.466666666666666730e-01
1.433333333333333404e-01
9.233333333333333393e-01
2.733333333333333726e-01
1.750000000000000000e+00
2.996666666666666590e+00
4.366666666666667029e-01
9.466666666666666563e-01
3.666666666666666408e-01
1.566666666666666485e-01
8.633333333333332860e-01
1.666666666666666574e-01
1.100000000000000006e-01
1.226666666666666794e+00
7.233333333333332726e-01
6.400000000000000133e-01
3.133333333333332971e-01
1.146666666666666723e+00
8.566666666666667984e-01
4.700000000000000289e-01
3.333333333333333547e-03
2.000000000000000042e-02
4.000000000000000083e-02
4.966666666666666452e-01
5.666666666666667074e-02
7.666666666666667462e-02
0.000000000000000000e+00
2.183333333333333126e+00
8.866666666666667140e-01
3.050000000000000266e+00
1.493333333333333401e+00
0.000000000000000000e+00
0.000000000000000000e+00
1.493333333333333401e+00
1.016666666666666607e+00
0.000000000000000000e+00
2.099999999999999922e-01
9.933333333333332904e-01
3.333333333333333547e-03
5.166666666666667185e-01
2.676666666666667194e+00
1.666666666666666574e-01
2.166666666666666741e-01
6.400000000000000133e-01
2.666666666666666838e-02
4.166666666666666852e-01
7.233333333333332726e-01
1.679999999999999938e+00
1.300000000000000044e-01
4.866666666666666363e-01
7.333333333333334758e-02
4.233333333333333393e-01
7.200000000000000844e-01
2.366666666666666641e-01
2.013333333333333197e+00
2.350000000000000089e+00
2.776666666666666838e+00
5.300000000000000266e-01
1.463333333333333153e+00
4.599999999999999645e-01
1.436666666666666758e+00
1.540000000000000036e+00
3.699999999999999400e-01
4.433333333333333570e-01
1.566666666666666485e-01
1.059999999999999831e+00
1.206666666666666776e+00
1.666666666666666644e-02
3.800000000000000600e-01
2.233333333333333004e-01
1.600000000000000033e-01
1.459999999999999964e+00
2.733333333333333726e-01
2.733333333333333726e-01
1.139999999999999902e+00
2.500000000000000000e-01
4.766666666666667385e-01
1.330000000000000071e+00
2.766666666666666718e-01
8.666666666666666963e-02
1.633333333333333304e-01
0.000000000000000000e+00
2.966666666666666341e-01
2.000000000000000042e-02
2.899999999999999800e-01
6.466666666666667229e-01
6.233333333333334059e-01
1.153333333333333321e+00
1.893333333333333313e+00
7.666666666666667462e-02
1.066666666666666735e-01
1.166666666666666546e-01
2.500000000000000555e-01
4.833333333333333925e-01
4.699999999999999734e-01
2.133333333333333470e-01
1.459999999999999964e+00
3.233333333333333059e-01
2.999999999999999889e-02
4.933333333333333459e-01
1.159999999999999920e+00
2.180000000000000160e+00
1.366666666666666585e-01
5.666666666666667629e-01
8.333333333333332871e-02
4.333333333333333481e-01
2.013333333333333197e+00
1.739999999999999991e+00
4.333333333333332926e-01
1.399999999999999856e-01
1.919999999999999929e+00
1.423333333333333561e+00
1.066666666666666735e-01
2.966666666666666896e-01
3.333333333333333148e-01
1.100000000000000006e-01
5.966666666666666785e-01
1.010000000000000009e+00
2.200000000000000011e-01
4.333333333333333481e-01
6.666666666666667095e-03
3.333333333333333287e-02
4.000000000000000083e-02
4.000000000000000083e-02
6.333333333333333870e-02
3.500000000000000333e-01
2.193333333333333357e+00
1.709999999999999964e+00
4.799999999999999822e-01
1.633333333333333526e+00
1.003333333333333188e+00
2.433333333333333182e-01
5.000000000000000971e-02
6.933333333333333570e-01
5.999999999999999778e-02
1.166666666666666546e-01
6.333333333333333870e-02
1.600000000000000033e-01
0.000000000000000000e+00
4.233333333333333393e-01
4.000000000000000083e-02
2.333333333333333440e-02
6.266666666666667052e-01
6.533333333333333215e-01
2.220000000000000195e+00
4.233333333333333393e-01
2.873333333333333073e+00
2.099999999999999922e-01
1.633333333333333304e-01
4.966666666666667562e-01
4.000000000000000083e-02
1.000000000000000021e-02
7.399999999999998801e-01
1.033333333333333326e-01
5.333333333333333259e-01
2.199999999999999734e-01
0.000000000000000000e+00
7.399999999999998801e-01
1.300000000000000044e+00
3.500000000000000333e-01
8.766666666666665941e-01
7.999999999999999334e-01
2.633333333333333637e-01
8.966666666666668339e-01
2.926666666666667194e+00
