2.566666666666666430e+00
1.350000000000000311e+00
7.726666666666666572e+00
4.033333333333333770e-01
7.120000000000000107e+00
1.800000000000000211e-01
3.606666666666666909e+00
4.833333333333333370e-01
1.590000000000000080e+00
9.333333333333334592e-01
2.703333333333333144e+00
3.666666666666666408e-01
4.320000000000000284e+00
1.866666666666666752e-01
5.276666666666666394e+00
2.000000000000000042e-02
5.996666666666667034e+00
2.999999999999999889e-02
5.376666666666666039e+00
2.666666666666666838e-02
4.649999999999999467e+00
1.133333333333333415e-01
5.326666666666667105e+00
1.199999999999999956e-01
1.976666666666666572e+00
1.700000000000000122e-01
5.790000000000000036e+00
1.466666666666666674e-01
6.953333333333333144e+00
2.033333333333333381e-01
6.543333333333333002e+00
2.233333333333332948e+00
6.953333333333333144e+00
7.333333333333333925e-01
2.463333333333332931e+00
8.800000000000000044e-01
6.403333333333333321e+00
1.473333333333333384e+00
6.866666666666666252e+00
1.929999999999999938e+00
5.653333333333333321e+00
1.219999999999999973e+00
2.083333333333333481e+00
3.933333333333333126e-01
2.896666666666666501e+00
1.370000000000000107e+00
4.459999999999999964e+00
1.533333333333333215e-01
2.980000000000000426e+00
2.966666666666666896e-01
3.313333333333333020e+00
1.150000000000000133e+00
2.273333333333332984e+00
1.899999999999999745e-01
2.253333333333333410e+00
2.100000000000000477e-01
4.856666666666666465e+00
1.076666666666666883e+00
3.020000000000000018e+00
1.833333333333333481e-01
2.776666666666666838e+00
9.000000000000001055e-02
3.240000000000000213e+00
8.333333333333332871e-02
5.933333333333332682e+00
1.533333333333333492e-01
5.083333333333333037e+00
6.333333333333333870e-02
4.179999999999999716e+00
2.999999999999999889e-02
4.663333333333333108e+00
1.533333333333333215e-01
3.953333333333333144e+00
1.933333333333333570e-01
3.520000000000000018e+00
4.333333333333333481e-02
4.129999999999999893e+00
1.033333333333333326e-01
2.273333333333332984e+00
2.000000000000000042e-02
3.433333333333333126e+00
6.333333333333333870e-02
3.939999999999999947e+00
3.933333333333333681e-01
9.413333333333333997e+00
1.183333333333333348e+00
7.030000000000001137e+00
3.799999999999999489e-01
5.206666666666666110e+00
2.069999999999999840e+00
6.283333333333334103e+00
2.133333333333333470e-01
6.133333333333332860e+00
1.333333333333333315e-01
6.853333333333334387e+00
1.500000000000000222e-01
4.056666666666667531e+00
2.299999999999999822e-01
2.226666666666666572e+00
2.866666666666666807e-01
2.056666666666666643e+00
1.366666666666666863e-01
2.663333333333333552e+00
1.666666666666666574e-01
4.026666666666666394e+00
1.566666666666666485e-01
4.293333333333333890e+00
7.666666666666666075e-02
4.093333333333332824e+00
5.333333333333333676e-02
4.856666666666666465e+00
6.666666666666666574e-02
4.773333333333333428e+00
5.666666666666667074e-02
4.403333333333333321e+00
4.000000000000000083e-02
3.593333333333333268e+00
5.000000000000000971e-02
3.736666666666666359e+00
3.900000000000000688e-01
4.833333333333333037e+00
4.666666666666666186e-01
3.616666666666666696e+00
3.766666666666666496e-01
5.463333333333333819e+00
1.633333333333333304e-01
5.609999999999999432e+00
1.000000000000000021e-02
6.003333333333333854e+00
2.666666666666666838e-02
7.583333333333333037e+00
1.866666666666666752e-01
6.203333333333333144e+00
8.433333333333332682e-01
5.456666666666666998e+00
3.466666666666666785e-01
6.066666666666666430e+00
9.266666666666667496e-01
4.343333333333332824e+00
3.266666666666666607e-01
2.573333333333332806e+00
1.189999999999999947e+00
3.509999999999999787e+00
1.913333333333333330e+00
7.520000000000000462e+00
1.533333333333333215e+00
6.419999999999999041e+00
8.533333333333333881e-01
2.766666666666667052e+00
1.566666666666666652e+00
2.176666666666666305e+00
1.016666666666666829e+00
1.769999999999999796e+00
5.666666666666666519e-01
4.163333333333333997e+00
3.066666666666666430e-01
5.936666666666666536e+00
5.000000000000000971e-02
5.820000000000000284e+00
2.000000000000000042e-02
5.809999999999999609e+00
4.000000000000000083e-02
6.436666666666666536e+00
1.366666666666666863e-01
5.376666666666666039e+00
1.199999999999999956e-01
1.783333333333333215e+00
1.700000000000000122e-01
5.379999999999999893e+00
9.999999999999999167e-02
7.589999999999999858e+00
2.066666666666666929e-01
9.033333333333333215e+00
1.346666666666666679e+00
3.393333333333333091e+00
1.239999999999999991e+00
3.886666666666666714e+00
1.346666666666666679e+00
5.250000000000000000e+00
7.399999999999998801e-01
6.826666666666667105e+00
1.429999999999999938e+00
3.566666666666666430e+00
7.666666666666666075e-01
1.503333333333333188e+00
4.433333333333333570e-01
2.500000000000000000e+00
1.219999999999999973e+00
3.609999999999999876e+00
3.666666666666666963e-01
2.743333333333333623e+00
1.033333333333333326e-01
5.106666666666666465e+00
2.810000000000000053e+00
1.076666666666666439e+00
1.446666666666666545e+00
1.790000000000000036e+00
1.366666666666666863e-01
3.709999999999999520e+00
4.799999999999999822e-01
2.739999999999999769e+00
5.266666666666667274e-01
2.803333333333333233e+00
3.600000000000000422e-01
4.549999999999999822e+00
5.366666666666666252e-01
5.086666666666666003e+00
5.333333333333333259e-01
6.549999999999999822e+00
6.666666666666666297e-01
8.213333333333332931e+00
1.769999999999999796e+00
6.176666666666666750e+00
3.300000000000000155e-01
4.000000000000000000e+00
1.900000000000000300e-01
3.493333333333333623e+00
1.433333333333333404e-01
4.339999999999999858e+00
2.666666666666666838e-02
4.843333333333333712e+00
3.133333333333332971e-01
2.893333333333333091e+00
2.393333333333333091e+00
4.476666666666666572e+00
2.399999999999999911e-01
3.786666666666666625e+00
1.133333333333333415e-01
5.323333333333333250e+00
1.066666666666666735e-01
6.816666666666666430e+00
7.666666666666667462e-02
6.989999999999999325e+00
1.400000000000000133e-01
5.589999999999999858e+00
6.966666666666666563e-01
7.526666666666666394e+00
7.200000000000000844e-01
6.100000000000000533e+00
6.199999999999999956e-01
2.869999999999999662e+00
9.966666666666665897e-01
3.276666666666666838e+00
1.969999999999999973e+00
4.269999999999999574e+00
1.669999999999999929e+00
