6.099999999999999867e-01
8.000000000000000167e-02
2.929999999999999716e+00
4.333333333333333481e-02
4.533333333333334103e+00
1.016666666666666607e+00
3.100000000000000089e+00
6.333333333333333870e-02
3.176666666666667194e+00
1.666666666666666644e-02
2.303333333333333233e+00
3.333333333333333287e-02
2.419999999999999929e+00
2.666666666666666838e-02
3.103333333333333499e+00
3.333333333333333287e-02
3.526666666666665950e+00
5.300000000000000266e-01
2.820000000000000284e+00
1.000000000000000021e-02
3.563333333333333020e+00
4.666666666666666879e-02
2.893333333333333091e+00
4.333333333333333481e-02
2.986666666666666803e+00
9.666666666666666463e-02
4.433333333333333570e+00
3.066666666666666985e-01
7.156666666666667176e+00
1.853333333333333499e+00
5.576666666666667105e+00
1.843333333333333490e+00
4.793333333333333002e+00
1.033333333333333326e-01
5.629999999999999893e+00
6.666666666666666574e-02
4.290000000000000036e+00
9.999999999999999167e-02
5.250000000000000000e+00
8.566666666666665764e-01
1.900000000000000300e-01
0.000000000000000000e+00
2.686666666666666980e+00
2.999999999999999889e-02
3.040000000000000480e+00
2.866666666666666807e-01
2.009999999999999787e+00
8.666666666666666963e-02
2.490000000000000213e+00
4.000000000000000083e-02
2.156666666666666732e+00
3.333333333333333547e-03
2.063333333333333020e+00
0.000000000000000000e+00
2.839999999999999858e+00
6.333333333333333870e-02
3.896666666666666945e+00
1.499999999999999944e-01
2.399999999999999911e+00
2.333333333333333440e-02
4.006666666666666821e+00
7.000000000000000666e-02
4.423333333333332895e+00
6.666666666666666574e-02
4.143333333333333535e+00
5.333333333333333676e-02
3.459999999999999520e+00
1.566666666666666763e-01
6.820000000000000284e+00
1.916666666666666963e+00
9.266666666666667496e+00
2.626666666666666927e+00
3.823333333333332806e+00
7.333333333333334758e-02
3.619999999999999662e+00
1.833333333333333481e-01
3.923333333333333339e+00
4.333333333333333481e-01
3.086666666666666448e+00
3.066666666666666430e-01
0.000000000000000000e+00
0.000000000000000000e+00
0.000000000000000000e+00
0.000000000000000000e+00
0.000000000000000000e+00
0.000000000000000000e+00
0.000000000000000000e+00
0.000000000000000000e+00
0.000000000000000000e+00
0.000000000000000000e+00
0.000000000000000000e+00
0.000000000000000000e+00
